0 0 0
0 1 0
0 2 0
0 3 0
0 4 0
0 5 0
0 6 0
0 7 0
0 8 0
0 9 0
0 10 0
0 11 0
0 12 0
0 13 0
0 14 0
0 15 0
0 16 0
0 17 0
0 18 0
0 19 0
0 20 0
0 21 0
0 22 0
0 23 0
0 24 0
0 25 0
0 26 0
0 27 0
0 28 0
0 29 0
0 30 0
0 31 0
0 32 0
0 33 0
1 0 0
1 1 -0.738093
1 2 1.1903917
1 3 0.6062694
1 4 0.26365602
1 5 -0.5696231
1 6 -2.5399964
1 7 -1.1130341
1 8 0.93035656
1 9 0.25386828
1 10 -0.3701408
1 11 0.49220207
1 12 0.3463598
1 13 -0.8430578
1 14 -0.7969176
1 15 -1.2292511
1 16 -0.34091485
1 17 -0.2773748
1 18 -0.48742914
1 19 -0.6430313
1 20 -0.40286306
1 21 -1.3914359
1 22 0.8026773
1 23 1.4142935
1 24 -0.7326257
1 25 -0.6491475
1 26 -0.20762812
1 27 -1.2289138
1 28 -1.5921286
1 29 0.41702977
1 30 0.4731602
1 31 -0.7074214
1 32 -0.5945428
1 33 0
2 0 0
2 1 1.1909083
2 2 1.2770206
2 3 0.1668291
2 4 -1.0462854
2 5 -0.3436697
2 6 -0.017293066
2 7 -0.9512255
2 8 -0.57205576
2 9 -0.5475959
2 10 -1.1159731
2 11 1.8168709
2 12 1.7873849
2 13 1.0375607
2 14 -1.0847597
2 15 -0.3701977
2 16 0.62125766
2 17 0.75617766
2 18 0.48234037
2 19 1.1752188
2 20 0.62034845
2 21 1.5441117
2 22 1.2237253
2 23 0.46456322
2 24 -2.6022108
2 25 -1.5003972
2 26 -0.27706936
2 27 -0.36974213
2 28 0.80072635
2 29 0.17308182
2 30 -0.97587496
2 31 -1.1175505
2 32 0.37763038
2 33 0
3 0 0
3 1 0.6058362
3 2 0.16665292
3 3 0.00007702633
3 4 -0.36791173
3 5 -0.79998314
3 6 -0.94648105
3 7 -2.2812572
3 8 -0.1377474
3 9 2.151078
3 10 0.32697514
3 11 -0.65555686
3 12 2.5323172
3 13 3.4520514
3 14 0.82985294
3 15 0.7404323
3 16 0.9419691
3 17 0.17231515
3 18 0.93509847
3 19 2.4010503
3 20 1.8131713
3 21 2.1780767
3 22 1.4657559
3 23 -1.420257
3 24 -1.5271996
3 25 1.5292016
3 26 0.2757663
3 27 -2.1481242
3 28 -0.13817927
3 29 -0.4849397
3 30 -0.4829086
3 31 0.12278805
3 32 -0.21828766
3 33 0
4 0 0
4 1 0.262828
4 2 -1.0468034
4 3 -0.3677013
4 4 0.24328269
4 5 -1.8000734
4 6 -0.6114584
4 7 -1.0617453
4 8 1.3883953
4 9 3.0327241
4 10 0.50336415
4 11 -2.1296072
4 12 1.9764918
4 13 1.6091869
4 14 2.2480378
4 15 -0.04930176
4 16 1.3007147
4 17 0.29114103
4 18 1.8201932
4 19 -0.02509565
4 20 1.1924173
4 21 -0.5457702
4 22 0.6558387
4 23 -0.25061744
4 24 0.18694445
4 25 1.1555152
4 26 0.8399003
4 27 -0.058450762
4 28 1.166769
4 29 -0.7329805
4 30 -0.9770705
4 31 -1.4613922
4 32 -3.3046916
4 33 0
5 0 0
5 1 -0.56994224
5 2 -0.34384996
5 3 -0.8005004
5 4 -1.7998774
5 5 -2.8016655
5 6 -0.7669067
5 7 -1.7707514
5 8 1.253817
5 9 1.8983066
5 10 1.0089433
5 11 -1.1587024
5 12 0.7374297
5 13 1.1201605
5 14 3.0167747
5 15 0.22222967
5 16 0.57351
5 17 -0.014932624
5 18 0.66794825
5 19 -0.2448589
5 20 2.6675503
5 21 0.6070137
5 22 -0.6071227
5 23 0.09921804
5 24 1.5694587
5 25 0.3233077
5 26 0.30805388
5 27 -1.1727474
5 28 -0.64891386
5 29 -2.1431134
5 30 -1.5183651
5 31 -2.913114
5 32 -1.3283116
5 33 0
6 0 0
6 1 -2.5394487
6 2 -0.017597988
6 3 -0.946702
6 4 -0.61099565
6 5 -0.76757306
6 6 1.3142993
6 7 0.12866087
6 8 3.0767698
6 9 2.0535522
6 10 2.3882058
6 11 2.2538233
6 12 2.6888313
6 13 3.1385138
6 14 2.5933995
6 15 2.1228545
6 16 1.8630615
6 17 0.44742897
6 18 1.2599999
6 19 2.6563804
6 20 2.7899144
6 21 3.225469
6 22 1.8704346
6 23 1.2510583
6 24 1.8610257
6 25 1.099978
6 26 2.3260953
6 27 0.27805537
6 28 0.71661353
6 29 -0.971421
6 30 0.028681796
6 31 -2.1812608
6 32 0.13035762
6 33 0
7 0 0
7 1 -1.1127928
7 2 -0.9513562
7 3 -2.2806232
7 4 -1.0618225
7 5 -1.7712289
7 6 0.12877525
7 7 -3.1563623
7 8 -0.99345714
7 9 1.0925874
7 10 1.9723891
7 11 4.095305
7 12 4.6922393
7 13 3.6822932
7 14 3.8616128
7 15 2.8930538
7 16 -0.46269783
7 17 -2.6061132
7 18 0.97832966
7 19 4.7374654
7 20 4.199082
7 21 2.6634908
7 22 2.4115412
7 23 2.855912
7 24 1.618398
7 25 0.22129719
7 26 -0.15242015
7 27 -0.8258479
7 28 0.24795175
7 29 -3.8533728
7 30 -0.9523562
7 31 -1.2964066
7 32 -0.49935374
7 33 0
8 0 0
8 1 0.9292953
8 2 -0.5722239
8 3 -0.13691713
8 4 1.3884479
8 5 1.2529498
8 6 3.0765696
8 7 -0.99322814
8 8 0.98532385
8 9 2.161831
8 10 0.51604587
8 11 2.2448711
8 12 3.5305114
8 13 4.0781593
8 14 3.8056252
8 15 2.7849
8 16 1.6411078
8 17 -0.11827687
8 18 1.984022
8 19 2.8580122
8 20 4.0532737
8 21 2.7271101
8 22 -0.052713543
8 23 1.4180112
8 24 1.5953267
8 25 2.332892
8 26 2.9795058
8 27 1.4983038
8 28 3.6622095
8 29 0.5457762
8 30 0.6748795
8 31 0.0937817
8 32 -0.50621766
8 33 0
9 0 0
9 1 0.25366315
9 2 -0.548032
9 3 2.1511958
9 4 3.0327103
9 5 1.8987541
9 6 2.0532956
9 7 1.0937026
9 8 2.1612227
9 9 0.20631506
9 10 1.8952031
9 11 3.9023278
9 12 3.2887316
9 13 3.0401924
9 14 1.3427819
9 15 3.8952978
9 16 1.1262138
9 17 -0.38176492
9 18 0.26321936
9 19 2.723295
9 20 2.338609
9 21 2.487977
9 22 1.2121347
9 23 1.937932
9 24 2.3780444
9 25 3.059464
9 26 4.0204134
9 27 1.9661652
9 28 3.4679534
9 29 2.6643023
9 30 1.4098495
9 31 0.30457693
9 32 -1.4810945
9 33 0
10 0 0
10 1 -0.37104538
10 2 -1.1167243
10 3 0.32721794
10 4 0.50299
10 5 1.0088452
10 6 2.38811
10 7 1.9725683
10 8 0.5162062
10 9 1.8949151
10 10 3.401704
10 11 2.6869617
10 12 3.4906826
10 13 2.240407
10 14 0.97012085
10 15 2.0909963
10 16 1.6402128
10 17 1.3422042
10 18 1.4593214
10 19 1.7569902
10 20 0.41134152
10 21 0.62060314
10 22 3.894036
10 23 2.146758
10 24 2.0011532
10 25 4.697625
10 26 2.8658545
10 27 1.9328761
10 28 2.4679654
10 29 0.75193685
10 30 0.053673614
10 31 0.10798109
10 32 -0.83410156
10 33 0
11 0 0
11 1 0.49241042
11 2 1.81703
11 3 -0.65524185
11 4 -2.1299744
11 5 -1.1595358
11 6 2.2537198
11 7 4.0961504
11 8 2.2447925
11 9 3.9027839
11 10 2.687169
11 11 1.6103704
11 12 3.4809918
11 13 1.7306129
11 14 3.3197541
11 15 2.518234
11 16 3.7630777
11 17 2.1198795
11 18 3.9977407
11 19 3.16746
11 20 2.426696
11 21 0.13215385
11 22 2.8999965
11 23 2.6495836
11 24 2.180626
11 25 4.1202526
11 26 4.1324606
11 27 3.6612604
11 28 -0.12296483
11 29 -1.5760634
11 30 0.10964614
11 31 1.2494929
11 32 0.99188226
11 33 0
12 0 0
12 1 0.3470764
12 2 1.7873111
12 3 2.5319552
12 4 1.9756746
12 5 0.7371295
12 6 2.689774
12 7 4.6930494
12 8 3.5299292
12 9 3.2886112
12 10 3.4913025
12 11 3.4810479
12 12 4.655664
12 13 0.95461977
12 14 0.9173781
12 15 2.5900428
12 16 2.1924853
12 17 3.015537
12 18 1.6866391
12 19 4.4074044
12 20 3.929565
12 21 0.8423669
12 22 2.740721
12 23 2.893142
12 24 3.3461657
12 25 5.366227
12 26 5.5305815
12 27 3.398328
12 28 1.5982878
12 29 0.65645593
12 30 1.4459641
12 31 1.3859341
12 32 0.5814131
12 33 0
13 0 0
13 1 -0.8428198
13 2 1.0384519
13 3 3.4526415
13 4 1.609455
13 5 1.119501
13 6 3.1385906
13 7 3.6829135
13 8 4.0778875
13 9 3.039884
13 10 2.240032
13 11 1.7299093
13 12 0.95497173
13 13 -0.8308072
13 14 1.2351956
13 15 0.90273446
13 16 1.1303535
13 17 2.424737
13 18 0.8614711
13 19 -0.43985614
13 20 2.3028626
13 21 1.6006241
13 22 1.0020819
13 23 2.185576
13 24 4.2571425
13 25 5.3604136
13 26 3.859164
13 27 2.0562222
13 28 1.965488
13 29 0.52455926
13 30 2.0647142
13 31 3.693597
13 32 0.8131555
13 33 0
14 0 0
14 1 -0.7960275
14 2 -1.0834953
14 3 0.8302348
14 4 2.2473311
14 5 3.016051
14 6 2.5925364
14 7 3.8620543
14 8 3.8059587
14 9 1.3424329
14 10 0.9686246
14 11 3.3192222
14 12 0.9162137
14 13 1.2347054
14 14 1.0732827
14 15 0.6875544
14 16 -1.6434131
14 17 -1.8359829
14 18 0.6963749
14 19 1.1343172
14 20 1.2024407
14 21 3.0821493
14 22 1.7211632
14 23 3.1215894
14 24 2.053368
14 25 2.682027
14 26 4.373969
14 27 3.36467
14 28 2.375112
14 29 2.3799853
14 30 1.5362842
14 31 1.3563023
14 32 -0.9515454
14 33 0
15 0 0
15 1 -1.2291042
15 2 -0.3694749
15 3 0.7415385
15 4 -0.050123475
15 5 0.22211482
15 6 2.1220348
15 7 2.8922052
15 8 2.7841072
15 9 3.8940291
15 10 2.090398
15 11 2.5179136
15 12 2.5898116
15 13 0.9030956
15 14 0.68903834
15 15 -2.9051628
15 16 0.6300181
15 17 -2.436797
15 18 -0.5962121
15 19 -0.6070701
15 20 3.6072397
15 21 1.7396361
15 22 2.7351365
15 23 4.334624
15 24 3.279758
15 25 4.3117423
15 26 2.5139058
15 27 1.6918943
15 28 0.092098065
15 29 0.7083962
15 30 1.5467106
15 31 -1.1640104
15 32 -1.0223566
15 33 0
16 0 0
16 1 -0.34047922
16 2 0.62196034
16 3 0.9432625
16 4 1.3001921
16 5 0.5732814
16 6 1.862214
16 7 -0.4637817
16 8 1.6404623
16 9 1.1255944
16 10 1.639772
16 11 3.7629206
16 12 2.192174
16 13 1.1310003
16 14 -1.6430867
16 15 0.630841
16 16 2.5073407
16 17 -0.6327088
16 18 -0.4115581
16 19 1.7152255
16 20 1.7934017
16 21 2.373013
16 22 -1.6233361
16 23 3.0516832
16 24 4.5144925
16 25 -0.5859168
16 26 2.3063965
16 27 2.2492168
16 28 0.6129985
16 29 0.91525865
16 30 2.6486876
16 31 -0.72477394
16 32 -1.4479948
16 33 0
17 0 0
17 1 -0.27708253
17 2 0.7559433
17 3 0.17327945
17 4 0.29090515
17 5 -0.015207862
17 6 0.44721216
17 7 -2.606777
17 8 -0.11858583
17 9 -0.38232902
17 10 1.3428026
17 11 2.1193635
17 12 3.014872
17 13 2.423866
17 14 -1.8365772
17 15 -2.435979
17 16 -0.6321982
17 17 -4.847312
17 18 -2.868958
17 19 2.325411
17 20 1.2372864
17 21 1.9614992
17 22 2.5569355
17 23 1.520431
17 24 0.4482763
17 25 -0.6543837
17 26 0.5809534
17 27 -0.5791529
17 28 1.5590118
17 29 0.46788856
17 30 1.6759948
17 31 -2.1612833
17 32 -0.96459574
17 33 0
18 0 0
18 1 -0.4871534
18 2 0.4823867
18 3 0.9356351
18 4 1.8201166
18 5 0.6682857
18 6 1.2593936
18 7 0.9772348
18 8 1.9830765
18 9 0.26306924
18 10 1.4594048
18 11 3.9969664
18 12 1.6859604
18 13 0.8610822
18 14 0.69581056
18 15 -0.5966079
18 16 -0.41215134
18 17 -2.8695412
18 18 1.429211
18 19 1.4718623
18 20 1.2319734
18 21 2.8291073
18 22 -0.32990587
18 23 1.897826
18 24 3.1833124
18 25 0.47753298
18 26 2.2868526
18 27 1.1870157
18 28 1.2860547
18 29 2.8771002
18 30 2.6823027
18 31 -0.15328033
18 32 -0.24398555
18 33 0
19 0 0
19 1 -0.64421654
19 2 1.175561
19 3 2.401633
19 4 -0.024777967
19 5 -0.24580336
19 6 2.6544867
19 7 4.7366133
19 8 2.8567433
19 9 2.7215278
19 10 1.7561388
19 11 3.1667628
19 12 4.407477
19 13 -0.4401606
19 14 1.1342306
19 15 -0.6073463
19 16 1.7144326
19 17 2.3244276
19 18 1.4715934
19 19 -0.36879137
19 20 4.204981
19 21 1.0646256
19 22 2.3633513
19 23 2.4303741
19 24 3.2027407
19 25 5.4597616
19 26 2.5627298
19 27 2.5023108
19 28 1.0480402
19 29 0.9655051
19 30 1.944865
19 31 2.2856355
19 32 1.7574714
19 33 0
20 0 0
20 1 -0.40347645
20 2 0.62062395
20 3 1.813147
20 4 1.1924427
20 5 2.6684575
20 6 2.789278
20 7 4.1989365
20 8 4.052476
20 9 2.3383868
20 10 0.41033205
20 11 2.4264703
20 12 3.9291968
20 13 2.3022947
20 14 1.2022921
20 15 3.6074214
20 16 1.7929891
20 17 1.236825
20 18 1.2313138
20 19 4.2051177
20 20 4.341188
20 21 2.207751
20 22 1.8771988
20 23 2.3615575
20 24 1.6805923
20 25 4.897574
20 26 5.7591305
20 27 3.2286477
20 28 1.5209802
20 29 1.5991913
20 30 1.2387024
20 31 2.1939807
20 32 -0.1696486
20 33 0
21 0 0
21 1 -1.3918585
21 2 1.5442562
21 3 2.177651
21 4 -0.5457451
21 5 0.60615504
21 6 3.2255423
21 7 2.6627827
21 8 2.726185
21 9 2.487086
21 10 0.620083
21 11 0.13140297
21 12 0.84115016
21 13 1.5995874
21 14 3.081642
21 15 1.739581
21 16 2.372621
21 17 1.960988
21 18 2.828449
21 19 1.0647101
21 20 2.2083597
21 21 1.4283533
21 22 0.839803
21 23 2.4133248
21 24 2.321938
21 25 3.5722322
21 26 4.383436
21 27 1.5758969
21 28 0.7055832
21 29 0.36096376
21 30 0.9016349
21 31 1.9764286
21 32 -0.37567383
21 33 0
22 0 0
22 1 0.8020033
22 2 1.2229514
22 3 1.4661332
22 4 0.6555174
22 5 -0.6075994
22 6 1.8704052
22 7 2.4105988
22 8 -0.053676683
22 9 1.2119491
22 10 3.893242
22 11 2.9001992
22 12 2.7406213
22 13 1.0015715
22 14 1.7213573
22 15 2.7355504
22 16 -1.623494
22 17 2.5562096
22 18 -0.33002394
22 19 2.3632882
22 20 1.877513
22 21 0.8394816
22 22 3.407262
22 23 1.8081295
22 24 1.9521767
22 25 4.067659
22 26 3.1030684
22 27 1.4274035
22 28 0.7875183
22 29 -0.42255658
22 30 0.6761416
22 31 0.80208856
22 32 0.77118117
22 33 0
23 0 0
23 1 1.413578
23 2 0.46505174
23 3 -1.4197227
23 4 -0.25087872
23 5 0.0993201
23 6 1.250363
23 7 2.8550868
23 8 1.4174211
23 9 1.9377655
23 10 2.1465309
23 11 2.6499643
23 12 2.8930292
23 13 2.184904
23 14 3.121467
23 15 4.334471
23 16 3.0517356
23 17 1.5201567
23 18 1.8978869
23 19 2.430063
23 20 2.3621743
23 21 2.4143972
23 22 1.80839
23 23 0.30207622
23 24 1.8248851
23 25 4.14376
23 26 3.8538477
23 27 3.6915662
23 28 0.3981548
23 29 -1.0184035
23 30 0.23343462
23 31 -0.11908748
23 32 -0.11928202
23 33 0
24 0 0
24 1 -0.73224825
24 2 -2.6018448
24 3 -1.5261573
24 4 0.1871023
24 5 1.5689676
24 6 1.8600979
24 7 1.6182988
24 8 1.5948521
24 9 2.378068
24 10 2.0016265
24 11 2.1815758
24 12 3.3464088
24 13 4.2571554
24 14 2.053157
24 15 3.28035
24 16 4.514986
24 17 0.44873106
24 18 3.1834347
24 19 3.202879
24 20 1.680929
24 21 2.3229249
24 22 1.9535733
24 23 1.824548
24 24 3.0230467
24 25 3.94409
24 26 2.5400696
24 27 2.6892114
24 28 2.1627512
24 29 0.07117651
24 30 -0.81591916
24 31 -0.9185479
24 32 -1.8844999
24 33 0
25 0 0
25 1 -0.6482864
25 2 -1.4994354
25 3 1.5297298
25 4 1.1545222
25 5 0.32235914
25 6 1.1000922
25 7 0.22089615
25 8 2.3324094
25 9 3.059231
25 10 4.6969814
25 11 4.1195164
25 12 5.3656106
25 13 5.360271
25 14 2.682492
25 15 4.311729
25 16 -0.5854503
25 17 -0.6545004
25 18 0.47747388
25 19 5.4600725
25 20 4.8978596
25 21 3.5726805
25 22 4.068466
25 23 4.1436505
25 24 3.9448502
25 25 3.152695
25 26 2.519631
25 27 0.6588434
25 28 1.3671457
25 29 0.71257
25 30 0.83046883
25 31 0.62158346
25 32 -1.2636356
25 33 0
26 0 0
26 1 -0.20714277
26 2 -0.27714518
26 3 0.2747498
26 4 0.83933765
26 5 0.3077464
26 6 2.3264906
26 7 -0.15280288
26 8 2.9785798
26 9 4.0201187
26 10 2.8658009
26 11 4.132467
26 12 5.529757
26 13 3.8591044
26 14 4.374245
26 15 2.5143075
26 16 2.3068087
26 17 0.5810394
26 18 2.2860587
26 19 2.5626872
26 20 5.758718
26 21 4.3838396
26 22 3.1038399
26 23 3.8543122
26 24 2.5413828
26 25 2.5195904
26 26 3.7374568
26 27 0.2830218
26 28 1.2166336
26 29 0.9553382
26 30 1.2468095
26 31 -0.21485591
26 32 -0.33484453
26 33 0
27 0 0
27 1 -1.2287307
27 2 -0.37040427
27 3 -2.1480062
27 4 -0.060105246
27 5 -1.1744863
27 6 0.277352
27 7 -0.82587326
27 8 1.4976504
27 9 1.9661722
27 10 1.9320341
27 11 3.6601539
27 12 3.3981404
27 13 2.056119
27 14 3.3643563
27 15 1.6923342
27 16 2.2489035
27 17 -0.5791658
27 18 1.1868161
27 19 2.5022361
27 20 3.2288382
27 21 1.5752996
27 22 1.4278431
27 23 3.6913114
27 24 2.689482
27 25 0.6587501
27 26 0.28179735
27 27 -0.14411108
27 28 2.0401218
27 29 -2.567888
27 30 -1.5041364
27 31 -2.3384802
27 32 -0.6039603
27 33 0
28 0 0
28 1 -1.5926718
28 2 0.7999991
28 3 -0.13918541
28 4 1.1654922
28 5 -0.6494666
28 6 0.7153749
28 7 0.24729428
28 8 3.6626122
28 9 3.4679077
28 10 2.467537
28 11 -0.12370934
28 12 1.5975837
28 13 1.9647704
28 14 2.375823
28 15 0.09256831
28 16 0.6129903
28 17 1.5588644
28 18 1.2856783
28 19 1.0488068
28 20 1.5205452
28 21 0.7054063
28 22 0.78858894
28 23 0.39753577
28 24 2.1621425
28 25 1.3674176
28 26 1.2161392
28 27 2.039628
28 28 3.7196734
28 29 -1.8694975
28 30 -0.31081697
28 31 -1.5504065
28 32 -0.7672543
28 33 0
29 0 0
29 1 0.4161941
29 2 0.17270471
29 3 -0.485504
29 4 -0.73324
29 5 -2.143276
29 6 -0.9721548
29 7 -3.8537345
29 8 0.54581225
29 9 2.6640594
29 10 0.7511834
29 11 -1.5768435
29 12 0.65645367
29 13 0.5248323
29 14 2.3800464
29 15 0.7092933
29 16 0.9162235
29 17 0.4687217
29 18 2.8781524
29 19 0.96520627
29 20 1.5986153
29 21 0.36183268
29 22 -0.42230245
29 23 -1.0177112
29 24 0.07051779
29 25 0.7128275
29 26 0.9556961
29 27 -2.5688329
29 28 -1.8693167
29 29 -2.3806283
29 30 -0.3923589
29 31 -0.63622487
29 32 0.13587727
29 33 0
30 0 0
30 1 0.47380745
30 2 -0.97639734
30 3 -0.482517
30 4 -0.97718316
30 5 -1.5179826
30 6 0.027778452
30 7 -0.95361423
30 8 0.6746301
30 9 1.4097083
30 10 0.052867923
30 11 0.109003395
30 12 1.4454337
30 13 2.064521
30 14 1.536081
30 15 1.5477477
30 16 2.6483243
30 17 1.6763866
30 18 2.6824257
30 19 1.9445072
30 20 1.2386208
30 21 0.9023601
30 22 0.6768274
30 23 0.23335317
30 24 -0.81601816
30 25 0.83122444
30 26 1.2479491
30 27 -1.5031018
30 28 -0.31017923
30 29 -0.39174557
30 30 -1.0328392
30 31 -1.927144
30 32 -1.8538985
30 33 0
31 0 0
31 1 -0.7065857
31 2 -1.1173372
31 3 0.123365596
31 4 -1.4608173
31 5 -2.9126542
31 6 -2.1811914
31 7 -1.2975622
31 8 0.09288471
31 9 0.3043701
31 10 0.10712944
31 11 1.2484823
31 12 1.3851289
31 13 3.6931946
31 14 1.3560816
31 15 -1.1645495
31 16 -0.7254258
31 17 -2.1617281
31 18 -0.15284285
31 19 2.284807
31 20 2.194204
31 21 1.9770352
31 22 0.80297494
31 23 -0.11907562
31 24 -0.9184218
31 25 0.6218828
31 26 -0.21385965
31 27 -2.3372037
31 28 -1.5504353
31 29 -0.63658905
31 30 -1.9271964
31 31 -2.6191645
31 32 -2.6937041
31 33 0
32 0 0
32 1 -0.59501994
32 2 0.37737572
32 3 -0.21823551
32 4 -3.3051326
32 5 -1.3282057
32 6 0.12979336
32 7 -0.49878505
32 8 -0.50633687
32 9 -1.4815652
32 10 -0.83414507
32 11 0.9920511
32 12 0.58144647
32 13 0.8136879
32 14 -0.9506977
32 15 -1.0232093
32 16 -1.4486095
32 17 -0.96443087
32 18 -0.24300724
32 19 1.7576877
32 20 -0.16895132
32 21 -0.37463495
32 22 0.771442
32 23 -0.11949078
32 24 -1.8846505
32 25 -1.2631347
32 26 -0.33482358
32 27 -0.6036103
32 28 -0.76718575
32 29 0.13591419
32 30 -1.8541691
32 31 -2.693745
32 32 -0.1143421
32 33 0
33 0 0
33 1 0
33 2 0
33 3 0
33 4 0
33 5 0
33 6 0
33 7 0
33 8 0
33 9 0
33 10 0
33 11 0
33 12 0
33 13 0
33 14 0
33 15 0
33 16 0
33 17 0
33 18 0
33 19 0
33 20 0
33 21 0
33 22 0
33 23 0
33 24 0
33 25 0
33 26 0
33 27 0
33 28 0
33 29 0
33 30 0
33 31 0
33 32 0
33 33 0
